2.2.1

missatges:
[60.2, 62.8, 61.0, 65.7, 64.8, 63.1, 66.9, 65.6, 63.6, 66.4, 64.8, 66.1, 60.1, 66.7, 64.1, 62.7, 66.2, 62.0, 63.0, 64.0, 63.9, 61.0, 64.2, 63.2, 63.6, 64.2, 63.7, 65.7, 67.6, 63.5, 62.7, 62.3, 63.9, 64.6, 61.9, 65.8, 65.9, 68.3, 64.1, 64.5, 65.4, 64.6, 62.0, 58.7, 62.9, 63.8, 66.3, 64.9, 65.8, 65.6, 68.9, 64.1, 63.9, 62.1, 60.2, 61.7, 62.9, 63.3, 59.6, 64.2, 63.8, 64.6, 65.7, 65.3, 62.8, 66.3, 61.7, 64.5, 65.9, 65.3, 62.3, 64.0, 65.9, 64.6, 64.0, 64.0, 68.1, 65.1, 63.6, 64.3, 63.9, 63.2, 62.9, 68.3, 63.4, 61.9, 62.2, 64.4, 61.0, 64.6, 61.1, 63.0, 63.4, 64.9, 64.4, 65.4, 63.7, 66.9, 63.3, 66.7, 66.2, 64.2, 64.6, 64.7, 62.2, 63.1, 63.3, 63.2, 65.1, 60.2, 65.2, 62.0, 65.0, 64.4, 65.0, 65.0, 65.7, 63.5, 64.0, 63.4, 64.3, 63.9, 65.4, 60.9, 64.5, 64.5, 66.6, 63.4]


keys:
[64.5, 63.9, 63.3, 66.6, 65.2, 64.8, 64.1, 64.7, 64.5, 64.5, 65.7, 66.1, 65.5, 68.0, 62.4, 67.1, 65.8, 61.6, 63.2, 65.4, 68.2, 65.7, 62.9, 64.0, 65.5, 59.5, 65.7, 66.1, 64.0, 65.1, 64.4, 64.7, 65.2, 63.6, 62.9, 64.0, 61.8, 65.5, 65.0, 63.4, 65.8, 64.5, 63.8, 64.4, 62.7, 65.0, 65.6, 62.8, 65.9, 64.0, 63.8, 65.3, 64.3, 63.3, 61.4, 60.9, 64.7, 61.7, 63.5, 60.8, 65.9, 63.7, 65.1, 65.1, 63.8, 60.7, 61.8, 66.3, 64.6, 63.5, 62.7, 64.0, 65.8, 64.9, 66.2, 61.8, 64.1, 64.2, 63.4, 62.8, 64.0, 62.3, 62.9, 65.0, 63.3, 66.4, 62.5, 63.5, 64.4, 63.3, 63.5, 67.2, 64.3, 67.1, 60.5, 60.7, 63.6, 60.7, 63.0, 63.0, 64.6, 61.6, 64.9, 62.6, 64.2, 62.7, 66.2, 63.5, 64.7, 64.4, 62.1, 62.3, 62.8, 63.1, 64.9, 64.7, 62.6, 64.1, 63.2, 65.8, 61.9, 59.6, 64.3, 66.1, 62.5, 64.9, 62.5, 64.7]


2.2.2

missatges:
